$ 1 0.000005 0 38 5 43
t 336 240 336 272 0 1 -0.44697718246014506 0.7998108852264655 10
r 448 208 512 208 0 27
r 448 176 512 176 0 27
r 432 96 464 96 0 1200
v 544 336 544 272 0 0 40 12 0 0 0.5
v 576 224 576 192 0 0 40 5 0 0 0.5
w 512 272 544 272 0
w 320 272 272 272 0
w 336 240 336 208 0
w 464 96 512 96 0
w 432 96 368 96 0
r 512 272 352 272 0 4
w 448 176 448 208 0
w 512 176 512 208 0
w 384 208 448 208 0
w 512 208 544 208 0
w 272 336 272 272 0
w 544 336 272 336 0
w 576 224 576 336 0
w 576 336 544 336 0
t 368 176 368 208 0 1 -8.064674448611289 0.7399971564886468 100
w 576 96 576 192 0
w 368 96 368 176 0
w 544 208 544 272 0
r 448 144 512 144 0 27
w 512 144 512 176 0
w 448 144 448 176 0
r 512 96 576 96 0 100
w 336 208 352 208 0
